1463873775094202430
1463852045235912781
1463244043835150357
1463188218806800567
1463066242523856986
1462608329585983744
1462576273585864922
1461342833112907929
1461323672215228447
1460969566917365865
1460817867443536074
1459815770648219669
1458891272428454126
1457537600637370522
1456723136543195453
1456197320365576225
1455983471863533760
1455859248817901598
1453929202331160648
1439979903360700556
1433924260103192617
1433780704436551820
1435641482563424340
1435639544413159537
1435636904652443718
1435634440700170300
1435629777947070586
1434945607566495745
1422267963419005071
1422154793975156798
1439981154076983548
1433384607163875418
1420327458883899473
1420326421032730735
1439344213928968365
1426938466586857533
1412564966430609428
1412564272713826395
1412563486155735181
1412560525229031474
1412556238582972416
1458484554309435402
1445914605611122822
1445823910145818734
1440476611454435328
1434701965903921153
1430513993184841849
1430512104464453662
1429786931004178442
1429475382075064411
1429468091074613290
1428021946875904072
1422704411729330278
1420706127032745996
1415351158813360318
1409646108803862698
1409534448101232721
1409163693547061321
1409162719613026368
1409160540323840142
1409116307768479905
1409167439035633754
1408384952105701417
1408888465512206456
1456989415606980831
1456450833884516363
1455923734316847349
1455588505559236731
1455313540436066304
1453103542176055376
1452233357814403134
1450945457437020346
1449862631979749386
1449858598674108501
1449828747829055630
1449530084183506977
1448989650281697443
1448922586514849865
1447710349179752619
1446551181420925172
1446528947566284930
1445532594849579008
1444787083683168326
1433743006430789713
1432530088674725888
1429855091837505619
1429366893273419776
1426640684508643348
1423718166181318756
1423237398078423101
1422981343389679668
1422894655510544446
1418206627315585146
1415626424747819029
1415413271057403985
1414603730229133384
1413085669990989935
1408257996123017226
1401599703422079109
1401076667375550464
1397638206609952869
1390597861460414494
1462183442237231241
1461890115688337500
1458877783059988491
1455686200240242740
1454943491137343683
1454482580715081841
1452116528009838652
1449778263428956374
1419011131250573332
1417159713115603054
1414231440924610683
1412626242104197181
1401917669468540989
1377993738634399825
1377364248774180874
1377276112605937736
1453088539519615157
1448026438593941746
1447667823819100241
1437527472869740607
1465322658693644288
1464341788750909700
1455655076344500325
1454895517493367050
1453709670744199299
1449365226418999376
1449320470875865240
1447960584388739275
1447699434027749507
1447614650249252974
1446839967769694239
1443537479377489961
1442884592154705940
1442586520644092129
1438470751429857301
1438251225647677480
1437060496485253325
1436343763650875443
1436343458372784169
1435655061358248167
1431520166369431552
1431382294542811218
1428003221644902452
1398223537780822107
1398003615569936424
1395715737234047006
1394675553688096900
1391721982286102548
1388591774133391390
1462811669838172174
1461685124872536232
1461675536102199451
1460290953532407914
1459973597392011553
1457643298221981841
1451535861740208128
1450817430388478135
1448625544403882005
1447884554219159703
1445124521274114151
1444414404035743764
1444401063016009761
1440621713174827150
1439361025097863489
1435602150221942896
1433892870938693702
1431998723063414815
1431751469773623387
1429518385649029331
1429367024185770055
1429214468168224930
1429159569908826122
1429155150399799468
1429152422323945483
1429149003353821285
1427340331749347418
1426614289799577660
1425526364815102031
1413494077219016798
1388146321113743451
1384143052649533453
1384121071627665428
1464599744130322714
1461719218801217547
1456429621993017527
1455501615988740196
1454991813877301260
1454974380948852737
1454198650916831232
1449753870975631442
1449163473102831647
1446973212419293244
1444482595055337603
1441064621510365336
1439046287793324093
1434911645607399566
1433030931375198258
1431070575794847886
1426517523859247146
1424783383245885482
1423352836602728469
1420011171007959091
1413181107788185812
1413172790663708822
1411297518842810419
1408559330244034755
1386813455633354813
1385306242515337267
1383554252252909700
1381015085014716427
1410231934256414832
1386069450058502336
1374794053882740896
1373921526696513606
1373465070964834424
1371096903168823306
1361650730523426856
1361649990765908201
1361649719830380584
1361648412172353801
1361647876505079970
1361646955394105394
1460231792459120701
1453055355759104070
1451631981589823539
1447208541151694919
1428311053686542367
1411370529293733899
1402325093358637228
1392896053874917437
1383826113779859597
1464671358599299147
1463135750018302036
1462922336540823623
1462623035365265594
1462123997327003710
1461093584584315023
1461091339704864930
1459402055465566440
1459069060628349155
1458838500102377592
1458670286537883718
1457151888511209514
1457115994588709000
1456219055945154660
1455893051015954574
1455284988965814393
1454626991046131894
1454565757076639947
1454178654484430858
1453291392146341918
1453133282081374373
1452757408664391872
1451993312591483011
1449506197823819900
1449471377361862737
1448475737295290369
1445136569949225103
1444719002122326026
1444354033555996844
1444126460876030042
1444011152853041413
1444004301981876225
1443895567217590304
1441832474949980212
1440746606671433777
1440506793313959940
1440138704747364484
1440111380362694676
1432820436105691179
1432725464400662709
1431644188163838005
1429827274806525973
1428165547190784061
1426534470940360714
1426174702941900860
1425755294503276636
1424344903067897936
1423657547339927664
1423347730880659576
1423239260500262986
1422140962905260103
1421816696590696529
1416486725747998862
1414312861987115039
1411505780036993175
1410354246662230128
1407378870960918719
1406080989213753354
1404138482003214446
1400152233726840945
1393169888083836990
1391718368293158953
1375794804537167943
1362977214400041191
1362809623622451340
1362606224067137699
1463925958204457106
1404542375073939456
1463664465135538261
1436055998090707024
1430144839852363787
1382333285228875967
1464998995850956870
1463868300042965159
1463165814965534840
1462804671386226791
1462025325574885481
1461639837328216228
1461356513749631017
1455591902123393100
1455398815178686628
1455229717744582830
1454780253711896577
1454205069687001098
1443654778373537974
1443359362012676266
1443222932838158408
1440755651340140667
1437371830418673694
1435606120658895001
1431314557380333589
1428447926367031498
1428402555800522762
1411402584232689816
1395385098546839643
1392891533090619493
1392072652696322078
1389155334550982729
1387434502984437830
1387126554143887564
1382014554187370507
1382004088665018428
1465356947128582208
1465185799107641467
1465040954460475649
1464712349876486155
1464695822120915186
1464398072510419128
1464349972354039961
1464303298160103602
1464276419394801735
1463971937867923516
1463965629944954930
1463943984803221549
1463656811163811952
1463649727290540154
1463561298582179973
1463445771788488786
1463285212367552654
1463275589698851039
1463198331328008193
1462984419198505001
1462978886848741377
1462928124386742354
1462844161995833437
1462804844728553751
1462764345296421077
1462447275652415499
1462397951279108137
1462200786053365761
1462198259236995072
1462134607590981807
1462129799660306628
1462127566705004755
1461892359162953902
1461851634576392327
1461807629578801296
1461525846459420673
1461396815898345729
1461046548560613670
1460718217189392516
1460335394741555359
1460205596619051099
1459965081365381222
1459878446649053456
1459691448516612137
1459534029090062438
1459502290443440246
1459166686900129822
1458387784892026961
1457867365634277417
1457851579032928389
1457801376984989961
1457718565762367683
1457161342661300361
1457080605253570722
1457002201275826260
1456973617152921610
1456777103637741721
1456755994431455334
1456748156690894879
1456743374898856169
1456738807020912907
1456405104008626308
1456369869095178270
1456177847168274597
1456129127101759594
1455934274841874433
1455910161259565088
1455895157143633983
1455864662338961482
1455702913371344928
1455691381837271324
1455678891736699086
1455636881789423697
1455465225879814206
1455024674881667225
1454932612459266079
1454845586615566486
1454827423957913702
1454544551866929314
1454268862693507206
1454244488447787048
1454159592585167040
1454132882175037642
1453403224236097708
1453390555244531732
1453054092560826585
1452985209975734353
1452768665278742639
1452577135184052296
1452324609218052137
1452116329132982383
1452042677603533031
1451469896285425665
1451306358380040317
1451292012711116870
1450939629770375304
1449854906126041311
1449762544716873841
1449514332835811379
1449427309085065368
1449387112570032179
1449384771007545465
1449135947840229496
1448724366794817721
1448471922458362092
1448064163774464070
1447694699463708682
1447234908631208100
1446513644408930304
1446427166261776404
1446131585375141979
1445861994996432937
1445812184536842270
1445701626232049766
1445509825999011975
1444520791264985302
1444457520058859581
1444453340783054858
1444330299357007944
1443875575709175904
1443755691205460081
1443727604581666877
1443712616827457628
1443666392284139552
1443658945225953353
1443164730637160501
1442986871205662840
1442664489194623137
1442619001489592462
1442613663906267177
1442580913765744861
1442236876202447009
1442213017990467605
1441566964144410686
1441545769126592583
1441196048654532772
1441166699628859412
1440811153121873940
1440792564247691326
1440121005166170202
1439940384120639549
1439378682501271713
1439330897852760136
1439062292103696528
1438964293130260671
1438905852127084684
1438597367178858576
1438467601624993802
1438256425821540474
1438245041767321754
1437213067258757160
1437208529055518780
1437181305707036963
1437007212688965684
1436884597144293428
1436689291748311262
1436662221253120040
1436225779066474496
1434993899482386543
1434228642661269616
1433815818826944624
1433175306033954816
1433137621248376882
1432500236667846666
1432439967933534391
1432098688833945721
1432054791407927396
1431930406185205761
1431764357871829125
1431376966141083668
1431040584851652739
1431009160081965157
1429578878812160031
1429524832755781793
1429191406861156394
1429158469143105587
1429147186473599027
1429048728358224058
1428456434663817237
1428069971862229132
1428040903343210667
1428039881786921132
1427937225059991633
1427754645467697325
1427711457214337064
1427487815016386570
1427352015935115328
1427040674540425246
1426910725422714910
1426743954027839601
1426503049840693269
1426158210443771915
1425808769270677564
1425596138513498255
1425548565937262815
1425516326373560452
1424869706816295085
1424424035642642553
1424340751365701693
1423758883897344041
1423736523341172817
1423588751711404114
1423264237777584138
1423216062501097524
1422665296803659817
1422649357748015196
1422355088810311780
1422154994823729202
1421970919945142332
1421966043860959292
1421945810681073684
1421900945444311072
1421789350886117407
1421611825522282628
1421486159355445312
1420389694209916969
1419854909859434659
1419449820178808903
1419439526207557694
1419406364714864830
1419318862276460554
1419305435155927162
1419090165866958858
1419087756566462494
1418929167273164800
1418684979080200233
1418379742461034667
1418345936219803668
1418238819278520403
1417942167506387124
1417832595617484831
1417599300330066114
1417516688114716702
1417119153038430348
1416866436315353240
1416842602329804842
1416833668508553236
1416581506821914715
1416380223716589688
1416187960025419788
1416119448976494695
1416109214161436673
1415768756751171704
1415647503344336957
1415439257836716213
1415377742127435796
1415342672755036290
1415072303192084520
1415049410240577738
1414648194541027358
1414438959433515131
1414319284276035616
1413981373542301817
